0123456789012345678901234567890123456789012345678901234567890123456789012345678901234567890123456780123456789012345678901234567890123456789012345678901234567890123456789012345678901234567890123456780123456789012345678901234567890123456789012345678901234567890123456789012345678901234567890123456780123456789012345678901234567890123456789012345678901234567890123456789012345678901234567890123456780123456789012345678901234567890123456789012345678901234567890123456789012345678901234567890123456780123456789012345678901234567890123456789012345678901234567890123456789012345678901234567890123456780123456789012345678901234567890123456789012345678901234567890123456789012345678901234567890123456780123456789012345678901234567890123456789012345678901234567890123456789012345678901234567890123456780123456789012345678901234567890123456789012345678901234567890123456789012345678901234567890123456780123456789012345678901234567890123456789012345678901234567890123456789012345678901234567890123456789

999
0123456789012345678901234567890123456789012345678901234567890123456789012345678901234567890123456780123456789012345678901234567890123456789012345678901234567890123456789012345678901234567890123456780123456789012345678901234567890123456789012345678901234567890123456789012345678901234567890123456780123456789012345678901234567890123456789012345678901234567890123456789012345678901234567890123456780123456789012345678901234567890123456789012345678901234567890123456789012345678901234567890123456780123456789012345678901234567890123456789012345678901234567890123456789012345678901234567890123456780123456789012345678901234567890123456789012345678901234567890123456789012345678901234567890123456780123456789012345678901234567890123456789012345678901234567890123456789012345678901234567890123456780123456789012345678901234567890123456789012345678901234567890123456789012345678901234567890123456780123456789012345678901234567890123456789012345678901234567890123456789012345678901234567890123456789


tosi pitkä

0123456789012345678901234567890123456789012345678901234567890123456789012345678901234567890123456780123456789012345678901234567890123456789012345678901234567890123456789012345678901234567890123456780123456789012345678901234567890123456789012345678901234567890123456789012345678901234567890123456780123456789012345678901234567890123456789012345678901234567890123456789012345678901234567890123456780123456789012345678901234567890123456789012345678901234567890123456789012345678901234567890123456780123456789012345678901234567890123456789012345678901234567890123456789012345678901234567890123456780123456789012345678901234567890123456789012345678901234567890123456789012345678901234567890123456780123456789012345678901234567890123456789012345678901234567890123456789012345678901234567890123456780123456789012345678901234567890123456789012345678901234567890123456789012345678901234567890123456780123456789012345678901234567890123456789012345678901234567890123456789012345678901234567890123456789

999
0123456789012345678901234567890123456789012345678901234567890123456789012345678901234567890123456780123456789012345678901234567890123456789012345678901234567890123456789012345678901234567890123456780123456789012345678901234567890123456789012345678901234567890123456789012345678901234567890123456780123456789012345678901234567890123456789012345678901234567890123456789012345678901234567890123456780123456789012345678901234567890123456789012345678901234567890123456789012345678901234567890123456780123456789012345678901234567890123456789012345678901234567890123456789012345678901234567890123456780123456789012345678901234567890123456789012345678901234567890123456789012345678901234567890123456780123456789012345678901234567890123456789012345678901234567890123456789012345678901234567890123456780123456789012345678901234567890123456789012345678901234567890123456789012345678901234567890123456780123456789012345678901234567890123456789012345678901234567890123456789012345678901234567890123456789
